numberArray = cell(2,1);
numberArray{1} = [1 0 0 0 0 0 0 0 0 0 16];
numberArray{2} = [1 1 1 0 0 0 0 1 1 1 16];