% numberArray = cell(8,1);
% numberArray{1} = [1 1 1 0 0 0 0 0 1 1 16];
% numberArray{2} = [1 1 1 0 0 0 0 1 1 0 16];
% numberArray{3} = [1 1 1 0 0 0 0 1 0 1 16];
% numberArray{4} = [1 1 1 0 0 0 0 1 1 1 16];
% numberArray{5} = [1 1 1 0 0 0 0 0 0 1 16];
% numberArray{6} = [1 1 1 0 0 0 0 0 1 0 16];
% numberArray{7} = [1 1 1 0 0 0 0 1 0 0 16];
% numberArray{8} = [1 1 1 0 0 0 0 0 0 0 16];

numberArray = cell(1,1);
numberArray{1} = [1 1 1 0 0 0 0 1 1 1 16];