numberArray = cell(6,1);
numberArray{1} = [0 0 0 0 0 0 0 0 0 1];
numberArray{2} = [0 0 0 0 0 0 0 0 1 0];
numberArray{3} = [0 0 0 0 0 0 0 1 0 0];
numberArray{4} = [1 1 1 0 0 0 0 0 0 1];
numberArray{5} = [1 1 1 0 0 0 0 0 1 0];
numberArray{6} = [1 1 1 0 0 0 0 1 0 0];